0.0 1.0
0.1237190965933398 0.9937288382854423
0.2421312434336545 0.9751418048598313
0.3532239118460228 0.9446771267269065
0.4551609658790627 0.9028993882665162
0.5463099249231318 0.8504923217442888
0.6252651860681852 0.788250547281915
0.6908669193893963 0.7170703131350828
0.7422154252171935 0.6379392952638181
0.7786808199308338 0.5519255241002584
0.7999079946820138 0.4601655159880873
0.8058168684991632 0.36385169681525015
0.7965980322738042 0.26421921568378076
0.7727039520723775 0.16253225682658046
0.7348359680049259 0.06006996813803821
0.6839273875548271 -0.041887865634620824
0.6211230289670704 -0.14207526806612358
0.5477556202496197 -0.23925448972660077
0.4653195019234322 -0.33223024889633274
0.3754421163459729 -0.41986363783869607
0.2798537928443987 -0.5010855349268728
0.18035635577468073 -0.574909361716829
0.07879109185267058 -0.6404430250562437
-0.022993386302960994 -0.6968998876608152
-0.12317285137223066 -0.7436086163779432
-0.21997823435035002 -0.7800217656496499
-0.31172497038925195 -0.8057229644895302
-0.3968404597336742 -0.8204325885598119
-0.4738892239924769 -0.8240118145804524
-0.5415953819678627 -0.8164649721777163
-0.5988621184767755 -0.7979401281906452
-0.6447878731913366 -0.7687278601587637
-0.6786790335962967 -0.7292581989281821
-0.7000589757694702 -0.6800957447115414
-0.708673357869579 -0.6219329861615133
-0.7044916329888566 -0.5555818776812442
-0.6877048094241519 -0.48196375589026147
-0.6587195464888291 -0.40209770146875573
-0.6181487318109649 -0.31708747708799295
-0.5667987407706417 -0.2281071953723227
-0.5056536295097984 -0.13638589241040808
-0.4358565590623448 -0.043191201838602145
-0.3586887889417213 0.05018765841870293
-0.27554661341981923 0.1424573603927201
-0.1879166422649114 0.2323381637576336
-0.09734984951051728 0.31858159159299126
-0.005434828643621881 0.39998783458577014
0.08622929971834459 0.475422633485229
0.17605988108267778 0.5438333928810989
0.26251718127622214 0.6042642864739519
0.34412987508641624 0.6558701249135834
0.41951916297820013 0.697928771900582
0.4874211358758579 0.729851912417628
0.546707040114791 0.7511939984581386
0.5964011319766434 0.7616592221689358
0.6356958530837881 0.7611063935836323
0.6639641036432959 0.7495516297068041
0.6807684393409575 0.7271687931835211
0.6858670687967752 0.6942876516842363
0.6792165810804779 0.651389762950614
0.6609713860098283 0.599102124660273
0.6314799029741173 0.538188662340296
0.5912775860094908 0.46953966194809404
0.5410769229939709 0.3941592859049872
0.48175459435627854 0.313151341786685
0.4143360208788127 0.22770350104139395
0.3399775703544175 0.1390701905465283
0.25994672842943967 0.04855440209357875
0.17560056940901447 -0.042511316381913855
0.08836288767548972 -0.1327844091682131
-0.0002996306718756614 -0.22093211141059843
-0.0889018035626028 -0.30565120237954657
-0.17596451723593032 -0.3856874159676431
-0.2600390601351916 -0.45985421382858394
-0.3397308337638687 -0.527050633986305
-0.4137220603214846 -0.5862779396785152
-0.4807931253695823 -0.6366548095092004
-0.5398422178430649 -0.6774308304504209
-0.5899029590051539 -0.7079980795677752
-0.6301597459511652 -0.7279006081944139
-0.6599605734325891 -0.7368416732348314
-0.6788271394721648 -0.7346885938779354
-0.6864620847949656 -0.721475147729513
-0.682753262791254 -0.6974014576897578
-0.6677749848060477 -0.6628313592250443
-0.6417862342522367 -0.6182872764178644
-0.6052258915974621 -0.5644426737169509
-0.5587050599148318 -0.5021121880427534
-0.502996626667205 -0.4322395822317541
-0.4390222409972421 -0.3558836951457218
-0.36783692634443443 -0.2742025955757723
-0.2906115850807557 -0.18843617582019034
-0.208613684483831 -0.09988744603918775
-0.12318644125502809 -0.00990281177207275
-0.03572684452076924 0.08014836601349251
0.05233712550778846 0.1688946165746854
0.13956971454738332 0.2549832913947656
0.2245506726642752 0.33710126053929823
0.30589822021227464 0.4139950537515027
0.382291333700298 0.4844901340498762
0.45249099612099464 0.5475090038790049
0.5153600739895872 0.6020878608891955
0.5698815063585689 0.6473915419349172
0.6151745190068172 0.6827265195661125
0.6505086093923458 0.7075517447532329
0.6753150842800055 0.7214871623874148
0.6891959716216705 0.7243197617284296
0.6919301706398286 0.7160070618846501
0.6834767484679762 0.6966779720130352
0.6639753374253385 0.6666310066057539
0.6337436333229203 0.6263298773471813
0.593272041379568 0.5763965239348452
0.5432155616414418 0.5176016863161435
0.4843830495329666 0.4508531593659908
0.41772402863545843 0.37718190750750547
0.34431327134242684 0.29772625057778007
0.2653333980768092 0.2137143628241378
0.1820557767307327 0.1264453537922854
0.09582003042382659 0.03726922260327137
0.008012483165262374 -0.052434004657985867
-0.07995611078014386 -0.14127563130233023
-0.16667319732370744 -0.22787980861844126
-0.2507470512609782 -0.31090488194259436
-0.3308290424515672 -0.3890642315122106
-0.40563518510007324 -0.46114628265010005
-0.47396662780436305 -0.526033372195637
-0.5347287594755681 -0.5827191754032146
-0.586948628787284 -0.6303244195062021
-0.6297904021128096 -0.6681106364601197
-0.6625686165188265 -0.6954917376267522
-0.6847590197939741 -0.7120432268734467
-0.6960068281350908 -0.7175089052150083
-0.6961322733761879 -0.7118049591482905
-0.685133354869139 -0.6950213656118729
-0.6631857556244691 -0.6674205884066238
-0.6306399273903116 -0.6294335832797899
-0.5880153942749886 -0.5816531710394264
-0.535992368593992 -0.5248248793635919
-0.4754008151506466 -0.45983539374830995
-0.40720714047193773 -0.3876987956710264
-0.3324987209833959 -0.3095408009368107
-0.2524665181317767 -0.22658124276917357
-0.16838605851898314 -0.14011507200403317
-0.08159708272602284 -0.05149217030107467
0.006517812717192761 0.037903708775528955
0.09455520014330965 0.12667654193916356
0.18111316205054617 0.2134398438916003
0.2648135939457239 0.2968383392578513
0.3443241147357128 0.3755691592280641
0.41837923723596404 0.44840223051420836
0.4858004634148241 0.5141995365851759
0.5455149863364195 0.5719329485423614
0.5965727031227761 0.6207003451707109
0.6381612702690909 0.6597397683038402
0.6696189638837833 0.6884413902617954
0.6904451423888354 0.7063571042785846
0.7003081473506292 0.7132075859994718
0.6990505188113758 0.7088867137131025
0.6866914441115526 0.6934632763694584
0.6634264030590984 0.6671799409719927
0.6296240167182976 0.6304494939518026
0.5858201513579271 0.5838484139564883
0.5327093725155336 0.5281078754420507
0.47113388601798434 0.46410232288097397
0.40207014248703876 0.39283579365592525
0.32661331872825095 0.31542620319195613
0.24595992287137544 0.23308783802957156
0.16138879967504005 0.14711233084797692
0.07424083756401068 0.05884841546309083
-0.014102300660333356 -0.030319220832391913
-0.10224008622490821 -0.11899165585756499
-0.18877532476211734 -0.20577768118002737
-0.2723362970775174 -0.2893156361260587
-0.3515984898458111 -0.36829478411796757
-0.4253055724316468 -0.4414758953185256
-0.49228928811886874 -0.5077107118811313
-0.5514879453551877 -0.5659599895235949
-0.6019632169013569 -0.6153098313921284
-0.6429149816599811 -0.6549860569129464
-0.6736939750231699 -0.6843663791224088
-0.6938120483267731 -0.7029901983406504
-0.702949875881572 -0.7105658574685272
-0.7009619884692562 -0.7069752440552222
-0.687879054503842 -0.6922756659771672
-0.6639073735981853 -0.666698970432904
-0.629425591353062 -0.6306479193170418
-0.5849786881064105 -0.5846898772080049
-0.531269337449924 -0.5295479105076595
-0.4691467718591369 -0.4660894370398214
-0.39959333213738724 -0.3953126040055768
-0.3237089139221627 -0.31833060799804436
-0.24269355766920642 -0.23635420323174072
-0.15782845779342125 -0.15067267272959928
-0.07045569154463482 -0.06263356148246313
0.018043011659496955 0.02637850983322565
0.10626812464883884 0.11496361743363259
0.1928244551052174 0.20172855083693975
0.27634320649188737 0.28530872671168694
0.35550361866573965 0.3643896552980337
0.4290538462562843 0.4377276214938881
