5.551115123125783e-17 1.0
0.0036174942826024403 1.1138304405961796
0.013157670657989895 1.204115377635496
0.02669176588464628 1.271209272688283
0.04237576344410526 1.3156845907014736
0.05848619420892909 1.3383160524584916
0.07345095353958453 1.3400647798105156
0.08587495891091385 1.3220622736135652
0.09456055800323343 1.2855941624777782
0.0985226792584486 1.2320836647726439
0.09699879452724447 1.1630747161428565
0.08945383601275565 1.0802147293016577
0.07558027670766179 0.985236971249923
0.05529364445035654 0.8799425644486014
0.02872379418466886 0.7661821419582951
-0.0037976893412326462 0.645837211261439
-0.0417535456244196 0.5208013065253664
-0.08445990308542836 0.3929610336084471
-0.13108788233832294 0.2641771353654223
-0.18068724753660492 0.13626572604388182
-0.23221160421036074 0.010979862127886708
-0.28454463825023835 -0.11000836769190997
-0.33652689406752334 -0.22512503913604986
-0.38698260021891123 -0.33291067374486505
-0.43474606761138274 -0.4320354001387911
-0.4786872084112931 -0.5213127915887067
-0.5177357525227528 -0.5997121823560294
-0.550903772464566 -0.6663692758289199
-0.5773061660990519 -0.7205948724738773
-0.596178789338268 -0.761881564807311
-0.6068939770202688 -0.7899082696471516
-0.6089732389225014 -0.8045424944275991
-0.602096968647544 -0.8058402638769347
-0.5861110551466732 -0.7940436653343385
-0.5610303391987888 -0.7695760048323037
-0.5270389094961128 -0.7330346011739879
-0.4844872843734199 -0.6851812809409935
-0.43388657494301686 -0.6269306730145682
-0.3758997727804919 -0.5593364361184662
-0.3113303497004159 -0.48357558644254867
-0.24110839796742722 -0.4009311239527792
-0.16627457596049458 -0.3127731849404528
-0.08796215636279647 -0.22053897416022206
-0.007377500970514483 -0.12571175205658502
0.07422069214085586 -0.0297991706481327
0.15554300734771215 0.06568873473476183
0.23529142417517784 0.15926158176696964
0.31218154775603907 0.24947038544753403
0.3849645825012147 0.3349286914625624
0.452448681931724 0.4143327858184505
0.5135193208076339 0.48648067919236615
0.5671583543148155 0.5502895805639658
0.6124614528108272 0.6048115954826581
0.648653629087794 0.6492474094851362
0.6751026078150946 0.6829577463304832
0.6913298232488745 0.7054724234185463
0.6970188708558188 0.716496862494281
0.6920212805676422 0.7159159519568357
0.6763595232966937 0.703795197184319
0.6502272074134107 0.6803791366176816
0.6139864674087209 0.6460870432613804
0.5681625922304949 0.6015059730839187
0.5134359850904467 0.5473812628671383
0.4506315892010421 0.4846046196979161
0.3807059542625416 0.4141999818804222
0.30473215595783437 0.33730736596237215
0.22388281465259996 0.25516494624834496
0.13941148942194465 0.1690896411010731
0.05263274897680553 0.08045650405029697
-0.03509875834106202 -0.00932276315166325
-0.12240989789684986 -0.09882184418562756
-0.20793095779834458 -0.18662204814380146
-0.2903175214954586 -0.2713344117081163
-0.3682719529056477 -0.35162132105812555
-0.4405641496879406 -0.4262173180622321
-0.5060512323969242 -0.4939487676030758
-0.5636958546041894 -0.5537520802745935
-0.6125828413941415 -0.6046902068993473
-0.6519338905643974 -0.645967148008531
-0.681120101956274 -0.6769402521893073
-0.6996721351118614 -0.697130111555556
-0.7072878333478069 -0.7062279000022907
-0.7038371927497236 -0.7041000397747579
-0.6893645968868375 -0.6907901235941741
-0.6640882815523852 -0.6665180624787055
-0.6283970378660679 -0.6316764728040336
-0.5828442059346641 -0.5868243593797486
-0.5281390542643072 -0.5326781936932781
-0.4651356815752705 -0.4701005273236887
-0.3948196169351145 -0.4000863192078494
-0.31829233058141937 -0.32374719133878727
-0.23675390087564346 -0.24229386002528736
-0.1514841120012944 -0.15701701852172345
-0.06382228182535654 -0.06926697120174607
0.02485386059453404 0.01956766089819112
0.11314991337862984 0.10808182870385458
0.19967681188999165 0.1948761940521473
0.2830727620600284 0.27857917114353214
0.3620247497955643 0.35786852416820925
0.4352892860352286 0.43149218171497256
0.5017120591450634 0.49828794085493655
0.5602461836563181 0.5572017512224364
0.6099687565703515 0.6073042917231373
0.6500954592346542 0.6478055793382591
0.6799929737128756 0.6780673804326844
0.6991890171283602 0.6976132295390501
0.707379835120376 0.7061358982297211
0.7044350357181413 0.7035021968063402
0.6903996869637409 0.6897550335172552
0.6654936448552717 0.6651126991758332
0.6301081219382307 0.6299653887318424
0.5847995504663658 0.5848690148480472
0.5302808367832261 0.5305364111743591
0.4674101447852413 0.46782606411371624
0.3971773853449658 0.397728550798055
0.32068862480519106 0.32135089711498727
0.23914865851343137 0.23989910238752798
0.15384202433876754 0.15465910618423623
0.06611275575059838 0.0669764972765029
-0.022656806061321644 -0.021764715431403514
-0.11106780668962762 -0.11016393539279995
-0.19772693571190353 -0.1968260702303774
-0.28126839852420304 -0.2803835346794996
-0.36037545607687893 -0.3595178178869515
-0.4338011925882627 -0.4329802751618816
-0.500388183509699 -0.49961181649030095
-0.5590867533367289 -0.5583611815420825
-0.6089715351354084 -0.6083015131580236
-0.649256070423844 -0.6486449681491832
-0.6793052189822268 -0.6787551351634469
-0.6986451827027149 -0.6981570639646388
-0.7069709852436875 -0.7065447481064114
-0.7041512893823336 -0.7037859431422602
-0.6902304759680831 -0.6899242445129701
-0.6654279515762455 -0.6651783924546891
-0.6301346956818773 -0.6299388149880824
-0.584907101726183 -0.5847614635884023
-0.5304582091322115 -0.5303590388252585
-0.4676464644994317 -0.46758974439941225
-0.39746218916731924 -0.39744374697558815
-0.3210119665383696 -0.3210275553821499
-0.2395011953624254 -0.23954656553859252
-0.1542150841174339 -0.15428604640562527
-0.06649838621067156 -0.06659086681631615
0.022265804394807076 0.02215571709791797
0.11067786271798696 0.11055387936478156
0.19734370347851388 0.19720930246376617
0.280896764929294 0.2807551682744092
0.36001955904155925 0.35987371492227116
0.4334644481758831 0.4333170195744886
0.5000733205483812 0.49992667945161884
0.5587958541240285 0.5586520807550104
0.6087060809363558 0.6085669673570757
0.6490169904854338 0.6488840480878207
0.6790929419576108 0.6789674121882903
0.6984596894020096 0.698342557264662
0.7068118618166199 0.7067038715343887
0.7040177800481856 0.7039194524768632
0.6901215345925962 0.6900331858889117
0.665342291466925 0.6652640525635548
0.6300708370643616 0.6300026736051433
0.5848634164721982 0.5848051488419326
0.5304329624127944 0.5303842855446759
0.4676378530872049 0.46759835581163917
0.39746837624189457 0.39743755990078544
0.3210311128745413 0.32100840904506883
0.23953148687177253 0.23951627402856338
0.1542547557640524 0.15424637475946162
0.06654574237470356 0.06654351065296638
-0.02221237298351869 -0.02220914850829675
-0.11061986532588203 -0.11061187675734113
-0.19728253881567526 -0.19727046712705942
-0.2808337134696744 -0.28081821973448357
-0.35995577801484846 -0.35993749594898194
-0.4334009689658985 -0.4333804987831088
-0.5000110482742457 -0.4999889517257543
-0.558735569127194 -0.5587123657491164
-0.608648441968837 -0.6086246063245947
-0.6489625392836571 -0.6489384992941452
-0.6790421090327122 -0.6790182451140986
-0.6984128008369435 -0.6983894458351851
-0.7067691467153754 -0.7067465866338143
-0.70397937858436 -0.703957853937051
-0.6900875065081677 -0.6900672139715212
-0.6653126245937644 -0.6652937194367157
-0.6300454560512874 -0.6300280546163988
-0.5848421913719715 -0.5848263739494353
-0.5304157169996755 -0.5304015309559758
-0.4676243729843115 -0.4676118359127137
-0.39745841657761205 -0.39744751957234414
-0.3210244055391538 -0.32101511637863744
-0.239527747184173 -0.23952001371616302
-0.15425368872804268 -0.15424744179365246
-0.0665470481808122 -0.06654220485049583
0.02220899388601194 0.02221252760034642
0.11061470786428113 0.11061703421348507
0.1972758894180569 0.19727711652286045
0.280825846858916 0.28082608634706085
0.35994695451561937 0.3599463194482109
0.4333914323391498 0.4333900354134955
